%YAML:1.0
---
camera_matrix: !!opencv-matrix
   rows: 3
   cols: 3
   dt: d
   data: [ 3.9289768761969181e+03, 0., 1.6422247646675073e+03, 0.,
       4.0102057070451106e+03, 1.5418495594595843e+03, 0., 0., 1. ]
dist_coeff: !!opencv-matrix
   rows: 1
   cols: 5
   dt: d
   data: [ -7.1979886401539628e-02, 8.1311262257637349e+00,
       -7.1384618685877222e-03, -2.5849464217150335e-02,
       -6.1959046342605504e+01 ]
