%YAML:1.0
---
camera_matrix: !!opencv-matrix
   rows: 3
   cols: 3
   dt: d
   data: [ 3.2722184279851167e+03, 0., 2.0155234026014894e+03, 0.,
       3.2759202529100126e+03, 1.4897963123947666e+03, 0., 0., 1. ]
dist_coeff: !!opencv-matrix
   rows: 1
   cols: 5
   dt: d
   data: [ 2.9049263550681076e-01, -1.9007969312657642e+00,
       -1.0054100603714463e-03, 2.6513399422751402e-03,
       4.1096098912076222e+00 ]
